X,Y,Z
2233293.967509001,702854.0742259994,5925538.432018341
2233292.6584715056,702852.377081638,5925539.126690712
2233291.361699707,702850.640960491,5925539.821362562
2233290.064926486,702848.9048408909,5925540.516033889
2233280.3537277244,702835.9100216469,5925545.932490698
2233280.674212286,702835.9252042046,5925545.809902368
2233283.24221411,702838.789635317,5925544.502292496
2233282.848128474,702839.008321458,5925544.624881
2233283.234584241,702841.914457433,5925544.134526887
2233282.247566884,702841.2611214613,5925544.584018168
2233281.557015199,702841.043796393,5925544.870057959
2233273.669631134,702841.6459136964,5925547.771313708
2233270.167396984,702843.0283450835,5925549.142338232
2233259.925804691,702846.1880774663,5925552.842526058
2233253.6924777445,702848.4244909312,5925554.926510595
2233250.2203256316,702850.8444737506,5925555.948069927
2233245.4755129875,702853.7635164664,5925557.6051208265
2233234.6720847464,702857.7744137339,5925561.200995098
2233234.270996239,702858.5049426241,5925561.695596592
2233234.4601278757,702861.3489454668,5925561.286975248
2233234.0400521783,702863.2729667384,5925561.432120648
2233231.5861492604,702865.1137779842,5925562.353646561
2233228.060613476,702866.9600136947,5925564.3235396305
2233226.8866015,702867.4901150179,5925564.918167822
2233225.228615977,702868.4247884431,5925565.862251611
2233223.619699357,702869.2035516332,5925566.8063351195
2233222.819253683,702869.6798716976,5925567.051507113
2233222.002527672,702870.1082293654,5925567.5235486915
2233218.21929658,702870.1169825053,5925569.593463943
2233215.559986537,702869.0658170846,5925571.150474347
2233214.294043983,702868.4103544002,5925572.135417732
2233213.5309113595,702869.1126042244,5925572.339726933
2233211.9279753366,702868.6937808533,5925572.993516073
2233208.5597859733,702866.0058595758,5925575.226872198
2233207.807386778,702865.6405408843,5925575.553766034
2233203.96193591,702862.2026886718,5925578.486027895
2233199.7536379583,702857.7510572014,5925581.89032491
2233198.5485120825,702856.5578534246,5925582.916125468
2233193.5538543826,702854.2148067859,5925585.721530635
2233187.3057022006,702849.164038244,5925588.890418035
2233185.320939393,702848.9249105657,5925589.666782306
2233185.0367405666,702848.4499298556,5925589.830227333
2233175.910497438,702844.4210349707,5925594.392646479
2233173.706072548,702842.6134777276,5925595.867911729
2233172.9899534495,702841.7883774376,5925596.235660959
2233168.5891288826,702838.3471458931,5925598.732448338
2233165.277070303,702837.6474460996,5925600.493735779
2233163.5096068755,702836.9626671787,5925601.456100455
2233159.819227172,702836.1867350463,5925603.1539586615
2233156.6986853513,702834.7334126928,5925604.502363053
2233155.918245119,702834.7019701231,5925605.0152572915
2233154.5586832077,702834.7881181951,5925605.732454827
2233149.503171204,702832.9828278986,5925608.496954712
2233148.3433771175,702832.1894444333,5925609.028142105
2233143.5246418254,702829.087912635,5925612.2872349
2233139.2415264295,702827.1401956294,5925614.992570354
2233136.5867150635,702826.5188383606,5925616.281808821
2233131.880438665,702824.4379442903,5925619.377448657
2233126.926152475,702824.3779633074,5925621.896765271
2233122.1593640363,702823.4774316894,5925624.230069012
2233118.5273218527,702823.1053765907,5925626.073048815
2233118.0678837677,702823.4319737259,5925626.422497989
2233118.0678837677,702823.4319737259,5925626.422497989
2233118.0678837677,702823.4319737259,5925626.422497989
2233118.0678837677,702823.4319737259,5925626.422497989
2233115.3802873264,702823.014471933,5925627.48485756
2233112.1908773384,702821.9250050563,5925629.246113583
2233110.4239213425,702821.583074082,5925630.167600749
2233097.6859817184,702819.9728815217,5925636.019107986
2233093.3628554256,702819.0406240587,5925638.188949725
2233087.214417683,702817.3625449839,5925641.135118287
2233077.5559284645,702811.9239701178,5925646.065099351
2233076.3022159943,702811.2295460367,5925647.05000761
2233073.5783920833,702808.316201049,5925648.852099644
2233071.600296908,702806.9226115687,5925649.977870233
2233070.4983202033,702806.190275626,5925650.695048771
2233065.2847077,702803.2643688032,5925653.436894678
2233056.2743037036,702800.0002155136,5925657.649654778
2233055.0251294277,702799.7355722974,5925658.366829739
2233045.9735311647,702798.8143534876,5925662.747299177
2233044.7494107573,702798.8146005215,5925663.4236133015
2233040.0057125837,702799.4633515284,5925665.779423013
2233036.0915267495,702799.987656756,5925667.622351237
2233027.841555863,702801.9315827489,5925671.575928325
2233026.8560818033,702802.3067715811,5925671.902795406
2233020.7391245672,702804.707824195,5925674.99833888
2233017.064819899,702805.992943928,5925677.090703177
2233015.2370412936,702806.1886936586,5925677.971303358
2233008.1861243243,702807.8674206673,5925681.28940884
2233005.233915331,702808.780114209,5925682.723739879
2233000.8278404837,702812.1907572987,5925685.269834307
2233000.4353157594,702813.4379001219,5925685.269834307
2233001.076762684,702818.4800276366,5925685.505301102
2233003.904176891,702821.2546314737,5925684.755874782
2233010.0719216685,702824.0954010803,5925682.739842645
2233014.7588514523,702825.7847504787,5925681.41839421
2233020.5007616,702829.7336973494,5925679.216338438
2233024.379517236,702832.3680511132,5925677.8723039515
2233027.379168386,702834.9398893117,5925677.082003386
2233032.1231099367,702841.3161797925,5925675.828265011
2233032.60111103,702842.1091507047,5925675.769123118
2233033.0286021633,702844.6852848015,5925675.732556499
2233030.7444665167,702847.2646323884,5925676.717457166
2233028.558878862,702847.2192389976,5925677.761499199
2233021.043326716,702845.7960753411,5925681.837660696
2233019.621383951,702845.3913518989,5925682.636548436
2233009.6614908585,702841.3997767498,5925687.938448032
2233008.436849221,702841.0571542743,5925688.655616198
2232999.006396786,702839.7166116289,5925693.013459642
2232992.799182868,702839.9474206371,5925695.755248311
2232991.6158800717,702839.9176458538,5925696.2046862915
2232987.809597418,702841.0326458412,5925698.151888993
2232986.639077782,702841.3067308113,5925698.560468208
2232981.904423928,702842.8148562899,5925700.380794048
2232980.1302434932,702843.2844381193,5925700.993661471
2232978.7629362815,702843.839250524,5925701.443097322
2232976.221085176,702844.5812071058,5925702.527979212
2232965.6933931294,702848.2494419611,5925707.135224753
2232963.5701641664,702848.6948115437,5925708.097529815
2232958.8807416083,702849.6602854882,5925710.825316213
2232949.5823150543,702851.1453509951,5925715.228252436
2232935.3186178524,702853.9373223778,5925721.347177525
2232934.3904419555,702854.0306634534,5925721.900902892
2232926.1898585353,702853.5053838547,5925725.913511565
2232917.456730763,702853.8832885468,5925730.234691521
2232905.544781856,702855.0595528202,5925735.658989899
2232903.603070387,702855.8618420314,5925736.725575812
2232900.634528209,702856.7264064751,5925738.386738711
2232899.645013913,702857.0145936701,5925738.94045943
2232894.64888603,702858.9542319389,5925741.668204712
2232891.6547779357,702859.2110783082,5925743.411077185
2232878.4278853377,702860.8299667821,5925748.4181347685
2232865.8790948675,702863.0049075414,5925752.458571047
2232860.9050586955,702864.0947785564,5925753.988509947
2232850.061391244,702866.4637249353,5925757.148356028
2232844.2844089274,702868.9712592491,5925759.02771957
2232837.398488704,702873.9137764913,5925761.896262561
2232833.305157875,702878.7502130951,5925762.649928412
2232831.130729236,702883.5910491496,5925762.895061716
2232828.2973493515,702890.2803850797,5925762.954182493
2232827.756549231,702891.3094400596,5925763.035893556
2232824.4903582414,702894.0076340544,5925764.161582754
2232818.620243046,702897.5993796041,5925765.732354577
2232809.2786589,702901.9400387229,5925767.662165685
2232808.00998288,702902.5257850552,5925768.07071837
2232805.719004803,702903.6035080041,5925768.806112752
2232794.318535512,702910.2513329295,5925771.453039256
2232790.9279522924,702915.2660417798,5925771.920707378
2232789.429031754,702921.6044104984,5925771.303551502
2232786.6213953607,702932.1994427721,5925770.459527747
2232785.2968977643,702936.7509585303,5925770.418672687
2232781.0221013916,702943.5860323517,5925771.64865419
2232777.54326939,702944.2040703654,5925773.101171967
2232772.4134305036,702942.5890458307,5925775.225628011
2232767.591810814,702941.0282261128,5925777.227514816
2232766.531189237,702940.6086478824,5925777.6769173825
2232747.485653719,702936.7541177876,5925784.450111339
2232744.785776202,702936.3752581822,5925785.512325945
2232740.1256511295,702935.6790694416,5925787.35077142
2232729.2299997373,702935.8465847312,5925791.43619272
2232726.3548364136,702936.2691496594,5925792.684412787
2232713.446835948,702936.8738351051,5925797.691194952
2232700.346696549,702939.1312031036,5925801.069026565
2232697.344130207,702939.8134416131,5925801.904353671
2232686.1706238887,702944.2620396698,5925804.941422836
2232670.4122798275,702948.5091330345,5925810.374915724
2232663.131710808,702951.6134660918,5925812.104650159
2232659.082605958,702953.5080362061,5925812.54533264
2232655.321394718,702955.3219209498,5925813.31718879
2232653.6170816203,702956.1130463233,5925813.43539609
2232646.680533321,702958.4690317602,5925815.124263751
2232639.6653422047,702960.2862745619,5925817.121698212
2232625.915148474,702961.6532840992,5925821.279958188
2232621.2477826006,702961.7684183381,5925822.809748589
2232618.801842978,702961.1267799396,5925823.3773254445
2232618.933769785,702961.2968070168,5925823.522487661
2232611.0041870233,702961.5411855157,5925826.05097548
2232608.715709792,702961.6772218538,5925826.682006154
2232600.182772372,702962.7595064923,5925828.6932894
2232598.486199604,702963.0819038816,5925829.079203979
2232595.565479458,702963.4043236545,5925830.141357682
2232592.874659365,702963.8847862482,5925830.668072324
2232588.9877619194,702964.031472393,5925831.685009342
2232586.5019835876,702964.1053694189,5925832.397736499
2232582.286534794,702964.0629408967,5925833.990959023
2232571.484632454,702964.4307268071,5925836.941798367
2232564.23333546,702964.9313953551,5925839.18426955
2232560.2156854304,702965.2938520099,5925840.654923403
2232550.1191229825,702966.3119455596,5925845.198163345
2232546.1394482213,702966.9433120838,5925847.267706615
2232538.7684653867,702968.6482593475,5925851.347695437
2232536.8103810344,702969.4022164732,5925852.641062089
2232535.7677280414,702969.7591648579,5925853.421604117
2232531.3984719915,702971.0387483166,5925855.345975111
2232526.831912778,702972.2561968829,5925857.352045586
2232525.8423673413,702972.5442064056,5925857.905719705
2232521.646042826,702973.6640821714,5925860.428983294
2232517.6935529057,702975.6316350662,5925862.974857209
2232513.2651005094,702978.1773847364,5925865.41641512
2232512.177398784,702978.7771045612,5925865.970087639
2232511.3325393847,702979.5389467061,5925866.62807445
2232507.4370110384,702981.8242086472,5925868.039611263
2232502.753265263,702984.5465106135,5925869.696250208
2232500.4709693925,702985.840760797,5925870.617576819
2232496.899461967,702987.885404527,5925871.720541728
2232495.676297645,702988.5709418703,5925872.315062928
2232492.540402767,702990.4101225734,5925873.708357229
2232481.043409779,702995.1412350249,5925877.693459152
2232467.2097440213,702998.4940523248,5925881.647166682
2232454.6057246025,703007.9728854652,5925885.055951112
2232448.3411942227,703014.4371630551,5925886.6490969695
2232443.167053172,703015.463085241,5925889.7668371
2232440.4400721835,703016.1032927287,5925890.933247816
2232438.834564601,703016.6255594911,5925891.691160526
2232436.1092249393,703017.9943429921,5925893.415619557
2232433.4625177155,703019.9018120155,5925894.831512235
2232432.0512564452,703021.08482525,5925895.652891478
2232430.9399788473,703022.4479605275,5925896.124855457
2232430.583657116,703023.2351227823,5925896.165705067
2232427.139215381,703027.9749257509,5925896.900997738
2232419.4641399076,703033.0098460494,5925900.055186683
2232418.5369083635,703033.7885224948,5925900.527149742
2232417.794706782,703034.6682953172,5925900.9174138205
2232407.562151008,703041.38172954,5925904.620867236
2232401.1922589345,703048.6691588252,5925906.586023243
2232399.4532223456,703050.6482826751,5925907.221381864
2232398.6041256767,703051.6228615985,5925907.425628015
2232395.4171641953,703054.602104017,5925909.56295999
2232393.583208821,703058.3500642377,5925911.314419935
2232392.7754512466,703061.9929383799,5925911.831621746
2232392.6959849815,703070.0194163145,5925910.479206905
2232393.3811910646,703072.4194035421,5925909.721300649
2232394.675557328,703078.0948091208,5925908.990404131
2232394.5723345466,703083.587027356,5925908.377664444
2232394.750856044,703087.8403374108,5925907.805773702
2232394.792694321,703095.391148602,5925905.173856439
2232394.7686304757,703095.8118447758,5925905.133007047
2232394.756156907,703098.5060504712,5925905.033078079
2232394.164981683,703104.0159241549,5925905.677216287
2232393.983953305,703106.3572541502,5925906.11271845
2232391.5727096754,703109.2381631989,5925907.3243597
2232387.4724480473,703112.272336777,5925908.508991849
2232382.2630418926,703118.6831578547,5925909.28073935
2232381.455772807,703123.6110349764,5925908.355044834
2232381.3911507702,703124.7041992303,5925907.819613762
2232382.506761394,703126.4260636684,5925906.980007503
2232386.849636612,703126.2092992025,5925905.799764558
2232387.5760474,703125.6243670665,5925905.59551743
2232387.5760474,703125.6243670665,5925905.59551743
2232381.2311394475,703130.5211891074,5925907.619756826
2232378.9345246097,703132.8385904937,5925909.285129329
2232373.90406026,703136.9502157759,5925911.767487073
2232371.993318214,703139.1750067879,5925913.083444424
2232370.918310593,703140.0784082486,5925913.5962552745
2232368.8591722758,703142.3849365617,5925914.313312085
2232363.5613392005,703149.7100356712,5925915.869972368
2232361.0953228823,703151.9312209482,5925916.750424818
2232360.349043646,703152.7240191828,5925917.367553666
2232359.9175462145,703155.0721063697,5925918.111621903
2232359.7032053387,703157.2744568158,5925918.361108634
2232357.844816534,703165.040485719,5925918.569746193
2232357.5261982707,703166.3962665778,5925918.52889705
2232355.964949715,703172.2858202711,5925918.6332158055
2232354.8467335436,703174.8030505928,5925918.755763242
2232354.474226448,703178.5402128344,5925918.882702437
2232352.557497137,703185.9024245116,5925918.946171999
2232352.127944897,703187.2660909571,5925918.946171999
2232350.9031586368,703192.5763901827,5925919.422524777
2232348.2628621943,703205.578110304,5925919.304368643
2232348.067414013,703206.8870385095,5925919.22267025
2232347.215731555,703211.8009414773,5925919.390458258
2232346.1612572605,703218.8351980309,5925919.167983068
2232345.4885127684,703222.6919451108,5925918.963736899
2232344.9002998397,703225.2476499127,5925918.882038418
2232343.874258788,703229.2929021571,5925918.573473698
2232343.818912286,703243.237478639,5925916.9395024115
2232347.0181338815,703257.2223373912,5925914.7197951395
2232343.9635910103,703275.5329266203,5925912.192193316
2232341.6032882845,703278.2156322257,5925911.257720909
2232332.2114288756,703285.3643551145,5925913.087166004
2232328.794979866,703287.1147047663,5925913.736365221
2232323.0500739333,703289.7161277772,5925915.161698618
2232320.05161494,703290.1848076392,5925916.450643825
2232316.1631049896,703291.6579267153,5925918.170699547
2232315.2139090444,703291.5730244111,5925918.538341481
2232311.4604198565,703292.6175610065,5925920.258394893
2232303.135742056,703298.3891982863,5925922.709333958
2232301.7919644574,703304.175939112,5925922.958821547
2232300.8744253605,703308.5551514702,5925924.074924711
2232299.4310954195,703310.6272894421,5925924.587733423
2232292.405926761,703316.5941351324,5925927.601112995
2232290.3825394334,703318.098052397,5925928.399862789
2232281.1536106644,703329.5377867852,5925931.163748583
2232279.887025743,703331.8369033299,5925931.367992199
2232277.043820793,703338.0077526498,5925931.92164797
2232273.9686830556,703345.947138741,5925932.352757542
2232266.241815675,703359.7016531813,5925933.845932257
2232264.8329951456,703362.9409924716,5925934.4222102845
2232264.132386512,703364.4762027075,5925934.503907544
2232262.2807451743,703368.4325794892,5925935.161882778
2232260.880165823,703371.5460268053,5925935.965026801
2232259.225803574,703375.5645615133,5925936.541304745
2232257.916808124,703382.8612281993,5925936.813416816
2232257.8527095756,703383.9974009292,5925936.9177370155
2232257.375446216,703386.2454132434,5925937.475789352
2232256.727178449,703389.7243992324,5925937.952144417
2232256.019809717,703392.1140486987,5925938.365027941
2232255.3983742455,703394.2309760114,5925938.7779114675
2232253.83760234,703400.5060899707,5925939.481132604
2232253.405626396,703403.1538336007,5925939.5446041
2232253.263268389,703407.0920434712,5925939.775867118
2232253.051404979,703408.3529731908,5925939.921035875
2232253.049108723,703409.6371114957,5925939.984507271
2232253.433637821,703414.2124731184,5925940.156695201
2232253.852686779,703419.9550982472,5925940.392353789
2232253.7189277136,703421.4119589508,5925940.269807538
2232254.1154002477,703436.5270325299,5925937.896181841
2232254.4028980457,703439.7441521784,5925937.405995646
2232252.729167947,703448.5962922807,5925936.770640783
2232251.929030563,703452.1131119683,5925937.514709937
2232249.480931868,703461.7919637774,5925938.363098596
2232248.9379612203,703464.4475853773,5925938.467418089
2232248.2412425433,703478.747170147,5925937.677455161
2232248.325272922,703480.1013641125,5925937.700076532
2232248.470131261,703493.5954827849,5925937.118749313
2232248.6650754935,703494.9418074671,5925937.1005212525
2232248.6936202208,703497.6490695009,5925937.413478417
2232248.5440867045,703502.7415030956,5925937.295323775
2232248.7989033135,703515.5422497464,5925936.754840807
2232248.7188586188,703516.9732374571,5925937.045176696
2232247.514776921,703526.1448211903,5925937.48507199
2232247.4423430874,703527.4068906886,5925937.362524384
2232248.283668927,703543.5619951487,5925935.342681734
2232251.0732849804,703553.4355557084,5925933.549700035
2232251.493644697,703554.5103098904,5925933.26375418
2232252.086732263,703555.7251652435,5925932.89610938
2232252.7621696605,703556.9231459172,5925932.714481356
2232253.3595081703,703557.925190858,5925932.8005690025
2232256.4834125843,703561.5224351492,5925932.486937897
2232259.5708809304,703565.5793406318,5925932.132454438
2232261.410136171,703567.3582954498,5925931.873512334
2232262.5743654827,703568.2820370849,5925931.755350007
2232263.569879713,703569.1526034345,5925931.492020286
2232267.3343422753,703572.4378003097,5925930.9741314575
2232268.1080091274,703573.3241084076,5925930.792500142
2232269.0334501546,703574.1725921688,5925930.343152349
2232272.881392098,703579.4115036507,5925928.486676257
2232276.9669250473,703587.0381955457,5925926.902295193
2232278.2714492776,703588.648636679,5925926.434711352
2232280.0413995846,703587.7502464699,5925926.089677209
2232282.281751338,703585.7580159846,5925924.8371763835
2232282.490913465,703585.4384608938,5925924.796326293
2232282.490913465,703585.4384608938,5925924.796326293
2232282.1270458526,703589.4355650024,5925925.749024833
2232282.5730015202,703590.8182294752,5925926.061973596
2232283.643024071,703598.8222836629,5925925.353668267
2232284.1457204176,703603.2210315499,5925925.072097967
2232284.741437416,703606.1928379526,5925925.13994449
2232283.8779195943,703619.4982322397,5925924.100452883
2232284.653466077,703632.1210218272,5925923.1696545575
2232286.3756680936,703638.7888121473,5925923.019389758
2232286.628915657,703643.5801376137,5925923.645281931
2232286.4758979836,703645.930488104,5925923.8539125575
2232286.8064310104,703650.2322017461,5925924.293787901
2232287.5572680384,703655.6087116173,5925924.447709061
2232287.32785739,703659.7767657965,5925924.039203523
2232285.9147776035,703667.5550886439,5925923.217814849
2232284.662500478,703675.8552614761,5925922.273874212
2232284.509578627,703678.8481409115,5925921.761053175
2232285.466952241,703692.5136047922,5925920.852854124
2232285.6863435963,703693.7820707601,5925920.834616676
2232287.4388679033,703702.1728659036,5925920.253219253
2232288.8749113153,703706.6518208203,5925920.470597605
2232290.201177443,703712.1669947702,5925920.606272978
2232289.845101669,703716.3380111995,5925921.10523155
2232288.625542409,703720.4509847623,5925921.291247529
2232287.514425651,703725.840294666,5925921.499875853
2232288.890302207,703736.8109170133,5925919.248700128
2232289.362655911,703744.4555943534,5925917.7328398535
2232291.01201959,703749.9870343782,5925916.239589776
2232291.3961945716,703751.8643059114,5925915.871929824
2232293.371541149,703758.86919683,5925913.865852275
2232293.4456161526,703758.9782163455,5925913.82500109
2232293.2899410273,703759.5716360091,5925913.59813413
2232293.441716294,703759.5338186985,5925913.330415985
2232293.087352534,703759.3364344878,5925912.627204085
2232293.087352534,703759.3364344878,5925912.627204085
2232293.185993331,703759.3675322781,5925912.586352902
2232293.2274969295,703759.3806168254,5925912.999235629
2232292.8195639923,703761.3080052106,5925913.784149904
2232292.256054658,703764.4713436562,5925913.620745141
2232288.3190787495,703771.1114647522,5925914.315215183
2232284.316289967,703777.5166586384,5925915.277402781
2232279.643019314,703787.1799498647,5925915.890169538
2232271.6080188304,703799.2956626066,5925918.123110923
2232270.3369469168,703801.5077457255,5925918.554232985
2232264.612030287,703810.6680821697,5925920.48297564
2232263.293288185,703814.407128826,5925920.750693523
2232260.165849909,703821.1310730642,5925921.345219122
2232260.1843421506,703823.2357395802,5925920.873246437
2232260.186180142,703824.9496554428,5925920.668991571
2232258.723722543,703829.54289026,5925920.029241827
2232254.3107650676,703844.471032783,5925920.133555793
2232251.276124473,703857.435097336,5925919.9519127915
2232249.414597092,703872.5252630592,5925919.075802061
2232248.758756607,703881.8275698653,5925918.217929648
2232249.3411742635,703884.795423109,5925917.646014264
2232249.6113875844,703887.6219995258,5925917.423518883
2232253.86126741,703904.5537152955,5925914.241495093
2232254.2961398116,703916.6416062253,5925911.781676673
2232254.2484099576,703918.1685914716,5925911.618271214
2232256.1208512704,703936.1498462814,5925909.852154813
2232257.4044029703,703941.6090973875,5925908.935179354
2232258.5401583374,703947.1930919614,5925908.059054103
2232259.329308972,703963.5050177141,5925906.039080926
2232257.9578451747,703976.3513567331,5925905.244655225
2232255.7824014323,703982.5617399915,5925905.326358693
2232255.121876731,703983.7241540023,5925905.222046749
2232249.442464151,703994.954899084,5925905.8122138055
2232245.4019205896,704005.1604224305,5925906.551909837
2232241.4234434403,704015.8567003444,5925907.2099024365
2232242.2364399806,704015.3420731535,5925906.964792399
2232242.458627409,704015.669159123,5925906.842237354
2232242.2198490603,704015.5938520262,5925906.511058158
2232240.766615318,704020.7897753362,5925906.656221916
2232234.6386545985,704031.2793068916,5925907.718365054
2232232.4344615354,704033.45408224,5925908.290287776
2232230.1970378673,704034.8473385422,5925909.397647497
2232219.5878059464,704041.6103227807,5925913.45068206
2232213.5972144604,704045.3751221446,5925915.475010679
2232212.115670665,704046.8782541336,5925916.069539871
2232208.096474676,704049.8940919994,5925917.440243772
2232202.132086691,704054.6523180519,5925919.98176198
2232199.2898641843,704059.2387392942,5925921.152577436
2232198.874001702,704070.6730477316,5925920.380774822
2232198.973957032,704072.0753006215,5925920.176518564
2232198.9430153854,704078.3623170663,5925919.441195659
2232199.2564734267,704084.5437981699,5925917.943568426
2232199.339359204,704093.9080530741,5925916.799730579
2232197.599772814,704109.294139556,5925915.841906953
2232196.159014387,704123.1896078343,5925915.378667473
2232196.209779413,704124.7477064974,5925915.174410062
2232197.9391409224,704141.9563578282,5925912.478208005
2232200.185059732,704153.202491564,5925910.725952947
2232200.409444986,704155.929113137,5925910.317435833
2232203.8952076607,704170.9076600069,5925907.439567063
2232204.7482521404,704173.7041073338,5925906.785937119
2232206.3474119795,704178.7492428547,5925906.014114162
2232208.98367459,704190.6755603025,5925903.603846618
2232209.2199933156,704193.0204541222,5925903.236178135
2232210.41349166,704199.993822143,5925901.742896085
2232213.1670769732,704213.4565461068,5925900.1809888715
2232213.8682865286,704216.2908181109,5925899.795072461
2232214.2106050593,704221.8819528872,5925899.431761525
2232215.1017194767,704225.2901911234,5925899.336169582
2232216.5471122474,704228.9589747478,5925898.3557131635
2232221.0211397843,704239.5376452837,5925893.9079709705
2232223.8725290494,704244.8923195406,5925891.552414642
2232228.920894775,704252.953507848,5925888.692729755
2232236.6727803852,704269.5785082659,5925884.657009324
2232237.0190444244,704270.8872171972,5925884.371038835
2232238.1279022247,704274.8354542821,5925883.699141384
2232238.560504762,704276.2142442514,5925883.372317546
2232239.5107459608,704282.040161733,5925882.537006812
2232239.4133006325,704283.3802374756,5925882.414447704
2232240.127333229,704295.9429260435,5925881.297514945
2232240.500523125,704299.9161200108,5925880.684717992
2232243.1391051314,704306.189104941,5925878.515149171
2232248.621935481,704317.3863520594,5925875.764075189
2232251.3251063433,704321.8805465229,5925874.211645801
2232257.061013491,704332.4294822217,5925870.367068716
2232258.3692699084,704334.4701511838,5925869.631703801
2232263.5708901663,704343.9081189679,5925866.980558772
2232265.6650820333,704347.1392516157,5925866.0226667775
2232272.542560953,704360.7902759153,5925862.454464186
2232273.5551787643,704363.0804115295,5925861.800800008
2232277.995614514,704371.5929161605,5925859.331298251
2232282.534273547,704380.4363348982,5925856.140330726
2232283.4870895753,704384.9781418152,5925855.241536432
2232283.414731584,704386.9259477993,5925855.03726488
2232282.934708704,704387.7597979936,5925855.118973506
2232282.078204129,704389.9314097322,5925855.613563648
2232281.167051363,704391.100457299,5925855.817835169
2232272.149035072,704401.3638468089,5925858.209978394
2232261.8158493754,704411.426360011,5925860.906351881
2232259.065535413,704414.199861129,5925861.827738896
2232250.5460188114,704425.777087422,5925864.305918948
2232246.5333104758,704432.6503784906,5925865.000436211
2232243.5269654444,704438.9844418046,5925865.59498942
2232237.361785591,704451.6472675831,5925866.412067549
2232232.16323033,704461.102242056,5925866.8162632305
2232228.3951280382,704466.4675936952,5925866.95273657
2232220.290510516,704483.0593162164,5925869.108420254
2232213.4919295493,704496.5074588226,5925868.995425165
2232210.135444119,704502.4310657448,5925869.340509421
2232208.9270001883,704506.847762302,5925869.485669755
2232210.167074973,704515.0360561765,5925869.33528802
2232210.7816985087,704517.1578508894,5925869.711659974
2232210.9718047986,704518.074656558,5925869.961126563
2232212.3598521696,704522.06849122,5925869.3935166355
2232214.130116398,704526.225808359,5925868.662490076
2232215.2091860054,704529.1368088768,5925868.34000142
2232215.839543628,704530.6209761483,5925868.571211608
2232216.939233242,704533.3671289838,5925868.475589855
2232218.8838100345,704540.7068535783,5925866.655415486
2232219.131521476,704543.9552469249,5925864.885667709
2232219.296884839,704545.5925457067,5925864.413675389
2232219.5357584045,704552.6938240335,5925862.834281536
2232219.556754082,704553.8571524681,5925862.257983406
2232220.7634529895,704559.1218795904,5925860.102290182
2232221.3230682556,704560.540897901,5925859.507734629
2232226.0122565273,704568.661316194,5925856.130750162
2232226.580196989,704569.9544463644,5925855.76306126
2232229.847482193,704575.6982476491,5925854.70952313
2232235.6397353928,704591.3642715026,5925850.6649272
2232241.0184663255,704604.0723350972,5925846.6976893665
2232246.596540343,704613.5445794753,5925843.470158485
2232252.374812807,704621.7948091339,5925840.097458275
2232254.596275235,704625.7520269838,5925838.790096324
2232257.7956045577,704629.1610807132,5925837.609627622
2232261.578361595,704632.8828338349,5925835.957156499
2232266.1297447635,704637.3613310581,5925833.710115374
2232269.5096367374,704641.0844654457,5925831.994189383
2232270.718496307,704642.4085923971,5925831.381357901
2232276.9994487944,704647.0046546127,5925828.253748417
2232278.5037073917,704647.7365498191,5925827.600058995
2232279.8849812923,704648.8580516411,5925826.946369112
2232287.434696713,704657.924725097,5925823.024220106
2232295.2830255227,704665.4576754067,5925818.956898014
2232298.8613079903,704670.9572452063,5925816.954953041
2232299.9835827425,704671.8684780425,5925816.423824054
2232300.9826317197,704672.8264995042,5925815.933550874
2232309.141398183,704682.8567713915,5925812.097386451
2232317.161337984,704693.9143845085,5925808.406357931
2232323.9174235156,704701.9596118503,5925805.119561778
2232327.1612121146,704705.0829773013,5925803.526151289
2232335.3820413295,704716.9325279477,5925798.805033103
2232340.0011954433,704724.0890542814,5925796.643924371
2232341.1122898404,704726.7534228838,5925795.908497575
2232341.9400285436,704729.6282550931,5925795.254784377
2232343.296569375,704736.568901099,5925794.133368196
2232346.4204698554,704744.8815683773,5925791.967936795
2232347.7428915105,704750.3119128541,5925790.823933254
2232353.1534516066,704769.5437030572,5925785.853300827
2232358.5168597726,704784.3048330424,5925782.50728464
2232363.4294126793,704801.2802442224,5925778.85266845
2232367.439115586,704813.5575909968,5925776.0969115095
2232375.0053326436,704830.4713002171,5925771.234802113
2232382.444155327,704841.9034245802,5925766.427510482
2232384.3436852125,704844.1313434289,5925765.44690948
2232394.31817552,704855.3787001639,5925760.566464959
2232400.6564183566,704866.4635085749,5925757.075192118
2232401.504427178,704868.8307711304,5925756.689179364
2232400.8521032142,704883.4070890909,5925755.631140585
2232399.570115012,704889.772172971,5925755.571997654
2232398.8804598656,704897.3526320603,5925755.14512445
2232399.219950043,704907.6575270698,5925754.436528042
2232399.6644590087,704908.9976174859,5925754.109656158
2232400.3800331615,704910.166215773,5925753.701066143
2232402.4604960717,704912.4085117006,5925752.865600565
2232405.56103787,704915.1443070177,5925752.447301761
2232406.794135567,704916.0478487345,5925751.875273861
2232413.080060709,704920.1751178232,5925750.521496183
2232417.067615634,704922.1626675358,5925749.858033404
2232420.742574489,704924.3086008597,5925748.863406782
2232423.718605556,704926.0195986094,5925747.9687837185
2232425.634380668,704927.3101079062,5925747.523613602
2232428.7227152213,704931.4132246346,5925746.302110701
2232429.6157334377,704933.1949017213,5925746.183815205
2232430.9431837257,704939.1415063202,5925746.051513759
2232430.5002569593,704940.544183911,5925746.051513759
2232425.781554656,704944.1530967257,5925747.39988194
2232409.0299427263,704949.3611378275,5925753.30622001
2232395.562014922,704956.6343379434,5925757.514724581
2232386.6290084785,704962.2544635702,5925760.21142618
2232385.6314306823,704963.6962047026,5925760.415721435
2232385.2368387915,704964.5570991662,5925759.816831511
2232385.4055369683,704964.6103723351,5925759.961982758
2232384.957213327,704964.5116442183,5925759.712539303
2232383.970979894,704964.2002017102,5925760.121129609
2232383.129220143,704964.7056447235,5925760.5931530325
2232383.1169161876,704964.7446071592,5925760.5931530325
2232383.1169161876,704964.7446071592,5925760.5931530325
2232377.5122907897,704968.8448739022,5925763.507009971
2232369.092844329,704974.1129055312,5925766.267129965
2232367.4173901617,704975.6404959379,5925766.716576942
2232363.81278834,704980.9721817492,5925767.225165898
2232361.8541422323,704983.053049596,5925767.715471059
2232351.0638473174,704988.8148488303,5925770.879872089
2232347.5448909816,704991.859762239,5925772.273357891
2232344.4962280276,704997.2384198225,5925773.857147943
2232343.544278079,704999.1230144145,5925774.206592749
2232338.3667466897,705003.7864886974,5925776.462400069
2232336.2027663076,705005.2883010333,5925777.529015284
2232331.69343043,705007.591921757,5925779.598808773
2232326.4568165615,705009.7943857887,5925781.9546082495
2232324.0667361673,705011.8674881082,5925782.608340883
2232319.0427928492,705019.9215048241,5925784.187829876
2232317.3639147924,705022.3905991626,5925784.741564813
2232314.9674024377,705027.0325036392,5925785.522168747
2232312.263433427,705032.9912686113,5925786.261914363
2232311.660117997,705034.2146918202,5925786.343630739
2232308.002180339,705045.7422740589,5925787.210249032
2232306.311683917,705049.6216562545,5925787.600550881
2232303.4437430785,705055.9999435268,5925788.567165436
2232302.1396625843,705059.4871962673,5925789.288630957
2232299.4198511504,705065.0981564993,5925790.935852751
2232295.2743813214,705071.2014669002,5925792.846502743
2232293.7202202845,705075.3809832389,5925793.794837315
2232293.8610636806,705076.7965963187,5925794.003426903
2232293.9402019284,705078.0641769988,5925794.252874563
2232293.8422779734,705079.4043756281,5925794.13030019
2232293.411569059,705080.7680062063,5925794.13030019
2232287.1318145692,705086.9684255376,5925794.898005462
2232280.333459412,705091.3767973132,5925796.074287627
2232276.145759888,705092.2821404359,5925796.038805639
2232275.385680208,705092.7276216847,5925796.057083963
2232272.434926076,705093.2952533569,5925796.025901189
2232265.81500672,705093.9036533567,5925797.157012347
2232255.3216621326,705096.0307853951,5925799.781571795
2232247.6119183106,705100.6224773901,5925801.924439109
2232246.3799160966,705101.7758258315,5925802.251298805
2232243.275295093,705104.73711131,5925803.068447539
2232234.3548784778,705111.6885414899,5925805.601604028
2232231.9891449255,705113.3407011363,5925806.296177982
2232231.278119105,705113.2874922275,5925806.355310022
2232231.2905948563,705113.5913631537,5925806.314452757
2232231.171298701,705113.7250687121,5925806.128441175
2232230.4850551947,705113.936770663,5925806.146715886
2232230.1893595075,705114.1861438885,5925806.228430391
2232229.9143383596,705114.2706591185,5925806.53701373
2232229.889725227,705114.3485786415,5925806.53701373
2232229.754183927,705114.4343054361,5925806.577870976
2232229.6678688996,705114.364193191,5925806.618728219
2232236.238978697,705109.455769878,5925804.512424275
2232251.4395477106,705098.3180308158,5925800.326691419
2232257.9788187617,705094.6848772502,5925798.510682069
2232262.0293043484,705093.0935104613,5925797.389248904
2232270.045827894,705092.2835393267,5925795.540979242
2232272.741253371,705092.2351262405,5925794.746402731
2232273.982308261,705092.3271963043,5925794.482977509
2232276.5587570113,705091.7698762213,5925794.223853273
2232277.955854134,705091.2685180351,5925794.187296389
2232281.530801756,705089.6554544929,5925794.322772237
2232283.4946722696,705088.7332459757,5925794.122782548
2232285.9848055425,705088.1058034826,5925793.904513305
2232292.6035141083,705085.0974909719,5925793.059391152
2232293.1333686863,705084.7935232313,5925792.895958592
2232294.3364643953,705082.9454422074,5925792.877678832
2232297.8645008155,705072.0195569999,5925793.063689811
2232301.7253926895,705065.0550956599,5925790.717580534
2232303.9051308376,705062.5728247574,5925789.546674788
2232305.07491789,705061.571168333,5925788.580059875
2232308.9595595445,705057.9563108745,5925787.331734652
2232309.5828934633,705056.5249709411,5925786.837138078
2232310.4398532086,705054.0105300666,5925786.383399776
2232312.321742597,705047.6635723255,5925785.784508868
2232313.384303334,705045.0855244057,5925785.475923181
2232316.1007901337,705039.4306368969,5925784.695318646
2232321.001026017,705030.3949093502,5925783.2792617045
2232325.1097671166,705023.7657443688,5925782.090073295
2232328.1754108113,705018.4781913337,5925780.919165393
2232333.144278409,705014.1773349,5925779.3439687425
2232338.6931241467,705011.1308208362,5925777.401043534
2232345.4236577414,705006.3579424014,5925774.573214432
2232346.1901880843,705004.671873685,5925773.624878921
2232350.8481293214,704996.5021584521,5925771.981946795
2232352.6263486794,704995.4355207791,5925771.223915082
2232355.1277144486,704994.0402350103,5925770.44760014
2232357.7066585803,704992.1552715879,5925769.48527402
2232367.0825944706,704986.1181823098,5925766.02626824
2232371.1136225555,704979.9784983147,5925765.023080357
2232372.168981269,704978.597863481,5925765.004796284
2232376.829782661,704974.5851982192,5925763.511300173
2232379.4180244757,704974.2885064705,5925762.571543678
2232379.385052458,704974.492333832,5925762.344674347
2232379.1170580466,704974.3648545595,5925761.600633026
2232379.108504021,704974.1479135088,5925761.414622695
2232379.050733504,704974.086821925,5925761.228612365
2232379.4194757664,704972.2322636504,5925761.310330345
2232379.415535337,704972.1453234295,5925761.537199666
2232379.427839421,704972.1063610584,5925761.537199666
2232379.5965373213,704972.1596348489,5925761.682351011
2232379.7775393142,704972.1739462642,5925761.827502351
2232379.728322966,704972.3297957715,5925761.827502351
2232379.753795016,704972.637775253,5925762.426392342
2232379.7252463982,704972.6287597644,5925762.653261671
2232378.503609803,704971.3003199736,5925762.626397405
2232378.380187653,704971.0042566207,5925762.7081153365
2232378.4046049844,704970.5834884887,5925762.7489743
2232378.379806028,704970.3185697824,5925762.789833261
2232385.5599131733,704965.7303214652,5925761.490924139
2232389.826389028,704961.9358723338,5925760.120000499
2232396.414449678,704957.8033325708,5925758.344771473
2232397.634456965,704957.374479786,5925757.936179431
2232403.278092579,704954.614752201,5925756.138372308
2232413.740228763,704950.3343715882,5925752.706185368
2232416.053068408,704949.4364848057,5925752.156725074
2232430.6335974485,704941.1433182356,5925747.435302054
2232431.7655206174,704937.5586969581,5925747.435302054
2232431.789343854,704936.1093753544,5925747.598740747
2232431.8363978015,704932.1821869893,5925748.048197006
2232428.0528802737,704927.3882200762,5925749.183699277
2232427.4521827777,704926.2987277275,5925749.324565775
2232424.770834407,704922.6240718656,5925750.34176933
2232420.1458658664,704920.0067705822,5925751.105243348
2232417.354575549,704918.0541806291,5925751.959004114
2232415.356217278,704916.4376687834,5925752.259019423
2232411.3928641942,704913.6865117009,5925753.004198115
2232409.357195063,704911.5012034276,5925753.385928957
2232407.3010606966,704909.8236085514,5925753.499930204
2232405.7510242155,704908.3058221864,5925754.049383905
2232405.2623770074,704902.4956432369,5925754.494544821
2232407.1497604153,704891.9083937448,5925754.612832749
2232407.235676336,704891.2928098968,5925754.653691775
2232407.732335226,704890.8497671583,5925754.304245382
2232406.2323091095,704890.5475182594,5925754.690261352
2232405.9462989587,704886.3010096161,5925755.303146224
2232406.5385197317,704880.7464557353,5925755.525725586
2232406.711418569,704874.8024240579,5925755.9525994165
2232406.86970391,704871.5531624277,5925756.2794707995
2232404.040292477,704860.2479348765,5925758.6901436895
2232394.712830925,704845.1343767685,5925764.001773642
2232390.115781755,704839.526801727,5925766.18555726
2232388.5738417143,704837.5403292929,5925767.002726273
2232384.4986974294,704831.4548678077,5925769.476806434
2232381.3858241,704826.7872509205,5925771.419723898
2232377.559982938,704818.9810011928,5925773.789499734
2232377.423596558,704817.6954006766,5925773.993790469
2232376.5964022474,704815.5061570831,5925774.56580429
2232371.678857717,704803.7990652531,5925777.380709907
2232370.5015345416,704799.8711506773,5925778.506453886
2232368.497206035,704794.0968491387,5925780.163349434
2232364.879916056,704778.8585956082,5925783.123388882
2232361.4028901095,704764.9929266585,5925785.65226057
2232356.7635781895,704750.6318725597,5925789.538030217
2232352.1789108166,704738.60179101,5925792.910917048
2232349.4993751002,704731.286308908,5925794.790351257
2232346.573362169,704724.0644220347,5925796.751495923
2232342.2013478735,704717.8427953955,5925798.708326425
2232341.337844843,704716.7989987441,5925799.157753666
2232340.8563195025,704715.5758758873,5925799.4846097035
2232336.2039332767,704707.2949349012,5925802.222024483
2232330.4378286107,704698.3197041715,5925805.676580736
2232322.2823441713,704686.3623734188,5925810.170810492
2232315.733907545,704676.583333271,5925812.940417183
2232309.4947492294,704667.5874781855,5925816.145477782
2232302.39045216,704660.8891779772,5925819.618250248
2232294.6532711894,704653.6912312591,5925823.603869439
2232293.7365836063,704652.7163775134,5925824.280152657
2232290.632198698,704649.5942883249,5925825.605806536
2232289.670033981,704648.5193961766,5925826.096076185
2232286.252535967,704643.8846648273,5925827.934585053
2232281.0592353814,704638.0039170268,5925830.590202521
2232279.2219509734,704636.9526937059,5925831.407314053
2232274.557136809,704634.4519859267,5925833.676957996
2232270.599219417,704632.5600019968,5925835.39288605
2232264.411020527,704626.1510491647,5925838.27102242
2232261.38336728,704621.5109225825,5925839.533205179
2232258.895304159,704618.4977645729,5925840.613701865
2232258.0934869554,704617.602037061,5925841.022253008
2232254.172141916,704608.8669055583,5925843.968147332
2232252.0495236833,704605.283654007,5925845.193796343
2232248.886465404,704600.0867454961,5925847.218280046
2232247.971974617,704596.7991683133,5925847.953667234
2232245.289493661,704591.4540847429,5925849.814726953
2232242.584113724,704583.188566849,5925851.8166077705
2232240.957305957,704578.1338904942,5925852.815378926
2232237.8298104843,704571.1061111443,5925855.0441207765
2232230.4360844344,704563.7599863445,5925857.627535221
2232229.9788124226,704562.1162191597,5925857.995224407
2232227.1607253635,704556.8569618439,5925859.897118988
2232224.985791749,704547.6879962124,5925863.096766767
2232224.174728525,704544.9043969245,5925864.163315157
2232223.871153217,704538.9393994358,5925865.847015397
2232223.5078878086,704535.568852846,5925867.244736271
2232222.947738418,704533.4642291543,5925867.920999127
2232221.5787790576,704527.248680807,5925868.960606823
2232220.932154574,704525.7165388005,5925868.95626525
2232219.4944068366,704521.1929174821,5925869.60558702
2232217.609678775,704513.229526285,5925870.18711251
2232217.147747853,704511.4558038539,5925870.141915633
2232216.69388078,704509.2133848176,5925870.364440249
2232216.2511299513,704506.2033519493,5925870.028922758
2232217.497931773,704499.3140168632,5925869.303121983
2232219.1343291863,704495.503614067,5925869.139706736
2232220.426969598,704493.4696859414,5925868.894583812
2232221.1618024483,704492.4163958895,5925868.958036282
2232224.747497861,704484.3374097451,5925869.642983
2232224.8081772337,704483.1141966283,5925869.765544542
2232227.233554883,704474.4976553498,5925869.661238273
2232233.0518602636,704465.1954429989,5925868.145302208
2232239.012542266,704458.037298272,5925867.39601851
2232240.7608775105,704455.5902390792,5925867.028332892
2232242.3325674655,704452.9160714067,5925866.969222926
2232243.3164384267,704450.1420783489,5925866.928368947
2232249.9470253955,704438.6542470631,5925866.011324663
2232258.9396493337,704422.3854032102,5925864.127696778
2232267.249314189,704410.4420220506,5925861.77207374
2232276.448930103,704400.8785727974,5925859.443383149
2232278.813580806,704398.5402616062,5925858.830568861
2232286.1748015666,704387.5398352534,5925856.720063443
2232286.284322549,704385.8179535436,5925856.883480885
2232285.132833751,704379.4998546237,5925858.068256478
2232282.5272818063,704373.6654327128,5925859.743281448
2232274.541575065,704365.1909176998,5925863.973855231
2232268.718543225,704354.1858978011,5925867.260429318
2232265.9841635874,704342.5276157525,5925869.031056649
2232261.0386587107,704329.8718558318,5925871.96817968
2232260.37136542,704327.8620727429,5925872.458423265
2232257.002070653,704322.729292458,5925874.337687933
2232251.7887176196,704313.3734058738,5925877.628565884
2232244.6953417263,704297.212828711,5925881.791253618
2232244.5494805123,704285.3005971559,5925883.261967626
2232243.1108600455,704271.3526908547,5925884.601417083
2232240.8528685886,704264.1717600999,5925886.090375525
2232239.1054985877,704258.5656001362,5925886.984787269
2232229.847574646,704243.8644335202,5925891.574194466
2232224.974623424,704234.6591734806,5925894.288714778
2232221.2208012706,704225.6785155527,5925898.060215882
2232220.858236415,704224.3218539505,5925898.573050239
2232219.0014004875,704215.4256562266,5925900.329702624
2232217.3048600177,704202.9817573702,5925901.5874049505
2232216.9563576556,704199.9160695611,5925901.437882101
2232214.875705393,704188.9788590765,5925903.521343318
2232212.059620596,704173.3975322281,5925906.648707575
2232209.3943653866,704161.7619815127,5925908.60523836
2232206.5148669304,704149.330688904,5925910.952037333
2232205.651422106,704140.2340827447,5925911.928114462
2232204.2762397276,704128.5344339039,5925913.621276419
2232204.076077929,704125.3871127215,5925914.070644359
2232202.654889941,704117.2712102904,5925915.355285993
2232204.718590379,704106.3136991162,5925915.019739184
2232206.0200716956,704092.1172909209,5925916.431299924
2232205.3277684124,704081.1472273316,5925918.210521876
2232205.164138804,704068.8447179532,5925919.948889841
2232209.714761711,704054.5166804523,5925919.722022796
2232214.4061658317,704050.256463851,5925917.815880519
2232219.703337339,704047.857865566,5925915.460370425
2232226.782597595,704044.179405757,5925912.800653981
2232227.3860393423,704043.6415309067,5925912.637247676
2232227.993138102,704042.8477973453,5925912.28782582
2232229.9150551236,704041.9118961621,5925911.675051831
2232229.857272848,704041.8508363911,5925911.489036327
2232235.220176384,704039.0445701279,5925909.587251601
2232240.724547171,704034.269640343,5925907.435988273
2232243.937336717,704029.9285022876,5925906.7415082175
2232249.593301846,704015.7775598402,5925906.292138491
2232254.629836182,704003.1018237936,5925905.470737848
2232256.374948642,703997.9122638081,5925905.429886027
2232259.370043512,703989.9899408739,5925904.812744383
2232262.184943036,703977.7701063198,5925905.6341451155
2232263.767506312,703961.9918641266,5925907.127417612
2232263.911129505,703957.7536606252,5925907.576786827
2232263.6378746885,703951.8419415238,5925908.16695407
2232263.276001219,703947.4871744624,5925908.820581061
2232262.264796875,703935.5172425949,5925909.978303191
2232261.806008045,703932.845321198,5925910.468522175
2232261.525343567,703920.3776278471,5925911.19511529
2232260.376925624,703910.1635711681,5925913.056040938
2232255.5322616217,703893.3440753449,5925917.30894997
2232255.1172988373,703878.0071536439,5925918.85692556
2232258.8417576547,703860.2489762689,5925919.77826219
2232261.511151932,703847.855037945,5925919.814741828
2232261.8059788365,703846.919990368,5925919.814741828
2232262.8295852803,703843.7732116871,5925919.587874869
2232265.0592201217,703835.181322938,5925919.338396537
2232268.122495882,703821.2839227605,5925920.695226472
2232274.642853817,703806.2063406995,5925919.814741828
2232280.594999254,703794.8045933065,5925917.636517255
2232282.1489572045,703792.0391862756,5925917.164543297
2232284.853923656,703785.8673258533,5925916.878585058
2232286.243811315,703783.1786869679,5925916.674329118
2232291.0309900763,703776.2497804362,5925915.693899981
2232296.4391766684,703766.5183040123,5925914.382289638
2232296.967346885,703764.842984136,5925914.382289638
2232299.0444017453,703759.9294718677,5925913.538283532
2232299.1798913567,703759.8436867004,5925913.497432247
2232299.067937669,703759.4657254352,5925912.939385112
2232298.99786531,703759.4436342707,5925912.753369401
2232299.010148229,703759.4046733032,5925912.753369401
2232298.9523587874,703759.3436211734,5925912.567353689
2232298.9523587874,703759.3436211734,5925912.567353689
2232298.9523587874,703759.3436211734,5925912.567353689
2232298.804963726,703759.8111527573,5925912.567353689
2232298.5997791495,703760.2176321584,5925912.381337978
2232298.4888554118,703760.2254953622,5925912.422189254
2232298.4187830645,703760.2034041719,5925912.236173542
2232298.4187830645,703760.2034041719,5925912.236173542
2232298.4187830645,703760.2034041719,5925912.236173542
2232296.896068134,703753.0841967735,5925914.945466451
2232294.1508197803,703740.9536282261,5925917.850269798
2232294.026091677,703739.6293165743,5925918.054525289
2232293.1792575666,703735.3360492936,5925919.098413728
2232292.5565527403,703733.0837597158,5925919.8154932065
2232292.360871628,703730.4092642245,5925920.63688629
2232292.847016202,703727.7355514541,5925920.986306258
2232294.042847436,703720.4026242627,5925921.6216832
2232295.1945761475,703711.2996592934,5925921.408682183
2232295.856385299,703708.4671660957,5925920.850634356
2232298.063781662,703699.011679264,5925920.496841289
2232298.490812989,703694.6060378356,5925921.50424949
2232298.7682503713,703689.2537600293,5925922.035311447
2232299.8585952865,703683.3867551702,5925922.32126776
2232304.452645928,703669.5008978985,5925922.239565965
2232304.47603432,703668.3946280743,5925922.362118654
2232307.825858451,703659.6419416803,5925921.064380647
2232310.9285725607,703649.3550606512,5925921.332098431
2232317.517304282,703633.313835309,5925921.399935384
2232323.1521744262,703624.3818986863,5925920.337810683
2232330.847439352,703613.829252869,5925918.476903372
2232331.9824411194,703611.3600708696,5925918.127483299
2232332.662668445,703609.9896810988,5925917.818914263
2232336.4185703136,703603.6778665936,5925916.938430196
2232336.971580313,703602.2673774315,5925916.897579109
2232337.892591615,703599.345254566,5925916.897579109
2232339.0124787395,703594.5155359937,5925916.834116513
2232339.6617070134,703591.0794317891,5925916.997520821
2232339.1234954577,703577.503378629,5925918.382083495
2232338.3327260884,703575.8835266558,5925918.8722952865
2232332.2028758135,703569.2828926805,5925921.750097068
2232320.7968348027,703561.5762008965,5925927.391872154
2232313.6181968073,703556.8723209101,5925931.29966456
2232311.9589364664,703553.779497141,5925932.506941837
2232306.684277671,703540.3813757648,5925936.514654661
2232307.072505715,703534.721546747,5925937.685457716
2232309.127455581,703531.3430734864,5925937.957555374
2232309.7631844757,703530.2585000354,5925938.0618713135
2232312.8600594895,703525.837800883,5925937.6351336865
2232317.713330617,703519.5292624264,5925936.985908785
2232318.8708471,703518.6091268241,5925936.659106064
2232327.796675189,703513.2413754488,5925934.14899551
2232336.117095316,703506.6976694069,5925932.006532145
2232338.4926756956,703503.9769965824,5925931.43462396
2232340.344711293,703503.3613789866,5925930.594997985
2232341.995860525,703502.9394391805,5925930.023089061
2232353.977986521,703491.7673740339,5925925.330366429
2232354.7440886553,703490.1242250958,5925925.021797988
2232357.1846847003,703480.6138484883,5925924.586302167
2232359.256722782,703465.2908053263,5925925.194688314
2232362.432825919,703452.1146035917,5925925.5623449
2232362.8625399456,703450.7509308512,5925925.5623449
2232366.3552993964,703444.4846293881,5925924.990434593
2232367.007280259,703443.4479798145,5925924.8678823365
2232368.6772510456,703441.4900127611,5925924.686241549
2232374.052080978,703435.3456084225,5925923.605882788
2232376.0448409673,703432.1187553835,5925923.238225252
2232380.210259064,703425.2934171235,5925922.049175991
2232381.075386594,703424.0241067272,5925921.6589055825
2232387.460031985,703414.0860716497,5925920.433378171
2232390.916309384,703407.3370686676,5925921.222666241
2232392.053389877,703402.6413100794,5925922.211835786
2232393.4436815153,703400.6380170663,5925921.925879042
2232396.045427039,703398.3311421161,5925921.004545373
2232399.4159023305,703394.3819191294,5925918.268275773
2232402.9449991076,703391.2964531159,5925916.874967592
2232410.9164030063,703379.3740685799,5925914.642024434
2232411.8520155153,703378.4695926338,5925914.396917507
2232416.6837586947,703369.2842259655,5925913.021846646
2232419.3182798773,703366.77347665,5925912.327376116
2232421.1676457925,703364.1010069323,5925911.732848064
2232423.1038172874,703361.8413619992,5925911.05661734
2232426.046611214,703356.3867330103,5925910.380386388
2232433.5774430265,703346.5954354446,5925908.70548237
2232439.381611763,703342.0851049144,5925907.48430937
2232443.031534396,703342.2927510276,5925907.374859095
2232445.7931970404,703341.8778957453,5925907.673922154
2232446.310539792,703341.6125765693,5925907.510516007
2232447.0503891082,703341.3745277938,5925907.905156404
2232447.062664731,703341.3355642423,5925907.905156404
2232452.871727799,703337.5976876026,5925906.375405124
2232455.7858594256,703335.1321304088,5925905.785239302
2232462.9143663934,703331.3815972161,5925904.405011849
2232465.0415343144,703330.3813386387,5925903.937398765
2232469.210409199,703325.9981725094,5925903.102118698
2232466.9812947456,703317.9289487948,5925904.899597895
2232461.6786895134,703309.5339529018,5925908.108638688
2232456.169185246,703304.1148036121,5925909.75220987
2232454.918019427,703302.7783650301,5925909.952099648
2232453.7987525705,703301.611972656,5925910.297153142
2232449.846354841,703292.8714753326,5925911.96332318
2232449.7231347132,703289.9201811842,5925912.144969519
2232451.2384992894,703283.8873306112,5925911.214891116
2232453.92669665,703279.2947148025,5925909.67204281
2232454.928113447,703278.6250854342,5925909.159216379
2232464.176960463,703272.6727676648,5925906.38132017
2232465.778061142,703271.7209082518,5925905.891102325
2232476.9884145306,703264.116408924,5925902.355257987
2232484.5586349154,703256.9070553995,5925899.71377563
2232486.0628278186,703254.2970815285,5925899.241798088
2232488.072530532,703251.8035149372,5925898.565561674
2232492.9833230316,703246.8401797222,5925896.659406527
2232494.33756406,703245.6392047204,5925896.29174007
2232497.1709776856,703241.5633752401,5925895.492947038
2232498.9061622955,703239.4972868123,5925895.084428325
2232500.8636459084,703237.7582046785,5925894.553353728
2232507.372278155,703229.4433677905,5925892.442934471
2232512.436254448,703222.1725208983,5925890.9679003265
2232513.2621420827,703219.3060235404,5925890.781885158
2232518.6916474234,703211.8076439748,5925889.411160877
2232520.4400005406,703210.3881355285,5925888.920935973
2232523.0356717906,703206.6228402011,5925888.389858699
2232526.953074157,703199.2049383054,5925887.364194558
2232533.7394537176,703191.6199129004,5925886.782739444
2232540.4625440054,703186.1564576819,5925885.543285415
2232541.6649887552,703184.9932840334,5925885.443334288
2232543.6052018697,703182.5205748254,5925885.220826087
2232549.025314637,703176.8180030239,5925884.285580562
2232551.9888245487,703174.5390924674,5925883.654547366
2232555.5213650595,703170.8974881404,5925882.755793613
2232559.0166135705,703167.0299746748,5925881.89789149
2232562.39100465,703164.9232847323,5925880.876578399
2232564.4522418147,703163.6879280262,5925880.676672137
2232570.4868031987,703159.0782473531,5925880.240361411
2232571.6078202366,703158.6175284104,5925879.872687486
2232574.2076326283,703157.9372652867,5925878.9739283845
2232577.7687165993,703157.6025858986,5925877.026891383
2232577.982513347,703157.412935442,5925877.398920681
2232577.727406684,703157.2897577351,5925877.294611558
2232577.5872444278,703157.2456131971,5925876.922582256
2232581.0916584814,703153.9377353655,5925876.209835747
2232590.2929402157,703146.2135518627,5925874.089840685
2232595.95770515,703145.3421124201,5925872.274060283
2232598.777218186,703145.9302855544,5925871.357043009
2232603.561258855,703147.5654895679,5925868.715491849
2232603.7585569615,703147.6276276412,5925868.633785564
2232603.7503073397,703147.7535235712,5925868.4069180405
2232604.075292616,703148.1985271377,5925868.016637924
2232604.0333066783,703147.8426528443,5925867.644609181
2232603.922385399,703147.8505500976,5925867.68546233
2232604.2921704217,703147.4102041967,5925868.243505448
2232604.502416314,703147.4764200754,5925868.801548566
2232604.6869710307,703147.2347249833,5925868.76069541
2232608.9007523083,703142.3084453528,5925868.8328504255
2232610.0132477786,703141.3310433379,5925868.959759857
2232613.363541702,703139.6449769926,5925867.8975756485
2232618.55443009,703138.0674327455,5925865.914016118
2232623.404034849,703135.996909298,5925864.547602081
2232628.240419062,703133.2797359308,5925863.262892295
2232630.59430888,703133.0359311317,5925862.40496889
2232639.2204315234,703128.8138524721,5925859.440911701
2232648.783950333,703125.0582726963,5925856.068308676
2232657.588032914,703124.7470279034,5925852.573133114
2232666.9990851735,703123.3419485976,5925849.40911931
2232668.292848246,703123.0212413442,5925848.959724436
2232676.1342345853,703121.3359624641,5925846.635377861
2232682.2754632877,703120.2288827403,5925844.882983566
2232686.9985778322,703119.1035192029,5925843.021941927
2232694.5355534228,703117.7506415307,5925839.912667544
2232699.7892021975,703117.0064918366,5925837.806490746
2232701.213931311,703116.1701875911,5925837.583958185
2232706.6008718275,703113.3263690302,5925836.321799279
2232714.1345039587,703109.5737456845,5925833.498489002
2232722.207190668,703109.0748050768,5925830.516085098
2232726.2664098656,703108.7254490888,5925829.458188177
2232727.514837,703108.0049367675,5925829.503374432
2232729.4856496686,703106.6124186256,5925829.571153522
2232731.8279484557,703106.4505379703,5925829.352946881
2232734.03996872,703106.8472913781,5925829.547620564
2232738.3725029407,703108.0403108712,5925828.203730723
2232743.4930126555,703108.1536424266,5925827.336165672
2232747.7912678686,703107.579701993,5925827.290031013
2232750.78751238,703107.4524088053,5925827.466434881
2232753.5741872066,703107.3019515894,5925827.724548298
2232753.9647652674,703107.3392803542,5925827.7879948085
2232755.514594011,703107.8273305297,5925827.361175884
2232758.1122751315,703108.4311887445,5925826.525801522
2232759.3866788545,703108.6611722881,5925826.44841629
2232760.6733542387,703108.8521866488,5925826.371030782
2232764.8420778406,703109.8222731779,5925825.975450117
2232769.4906107397,703110.600784393,5925824.7766943155
2232773.059448621,703112.1529661873,5925823.677912762
2232776.112138738,703114.3564520722,5925823.341445479
2232776.679491841,703114.6207823562,5925823.096310412
2232777.465144242,703115.1251914047,5925822.955476069
2232783.5873263036,703118.5094550687,5925820.032116601
2232787.095232112,703117.3010858552,5925819.713909954
2232787.5681703906,703117.3215150188,5925819.963366615
2232789.430453142,703117.6509545374,5925819.867706768
2232790.9644666505,703118.4338617404,5925819.626890098
2232792.265316888,703122.3130636491,5925819.9666976845
2232792.546399497,703123.386762077,5925819.948429233
2232797.8184908144,703127.0601903932,5925817.31104415
2232802.0358283934,703127.5315805364,5925816.956290551
2232803.156831609,703129.4266282001,5925817.169206703
2232803.5448150304,703130.4054939222,5925817.3369491855
2232806.9302571667,703132.5852950211,5925816.8778918795
2232808.8633542587,703133.9222315281,5925816.205918186
2232811.474471003,703134.87300188,5925815.969410272
2232812.6379551985,703135.1108912505,5925815.93286895
2232817.474110776,703135.0489650081,5925814.54805939
2232826.4367693933,703135.9009912256,5925811.714988078
2232831.4992303164,703135.3106267959,5925811.382797973
2232833.303698814,703135.57902347,5925811.10111146
2232833.8391834777,703139.088771686,5925811.128007006
2232834.36404677,703141.0102871644,5925811.1323181605
2232835.060246762,703142.0433910869,5925811.17748609
2232836.715320389,703144.0638147286,5925810.95923871
2232839.3984119105,703146.4079756447,5925810.745300539
2232840.130012975,703146.2956845249,5925810.913038654
2232841.9918270577,703146.282299134,5925810.858217475
2232844.325886419,703146.2462873472,5925810.413098404
2232847.4812422716,703146.2118976321,5925809.2282405365
2232852.653709826,703145.8703372985,5925807.534819281
2232860.4144085143,703148.2285819871,5925804.760826455
2232864.869186616,703148.6890516793,5925803.45769358
2232866.6276397808,703148.5146002078,5925803.030842338
2232875.2028075526,703146.3745644144,5925799.408488959
2232879.679770491,703148.3412523122,5925797.488177114
2232881.288354767,703149.576013712,5925797.165617715
2232883.2551669343,703153.7507486078,5925797.219382152
2232884.0403209715,703156.2683007024,5925797.70000184
2232884.6614737553,703156.5067434617,5925797.867734892
2232885.5698448075,703156.6214545035,5925797.726883067
2232887.5307815606,703156.9819562827,5925797.590332234
2232890.046556816,703157.0031496418,5925797.930098203
2232890.880354406,703156.666016145,5925797.870961529
2232893.8570642406,703155.0332463172,5925797.158096806
2232898.3382836888,703153.4887263676,5925796.512967508
2232900.508322492,703153.5295434581,5925796.33555485
2232901.4294369095,703153.9481161695,5925796.153842746
2232902.211071927,703154.3656022253,5925796.239857769
2232906.594330971,703156.1314429125,5925795.4538686825
2232907.889039457,703156.4963183941,5925794.922711537
2232914.6950854775,703160.0103487083,5925793.446421998
2232915.4720040653,703160.2978420593,5925793.119554857
2232920.9340409758,703160.6042700063,5925792.315272689
2232921.961594712,703160.5851609012,5925792.360426211
2232930.611792884,703161.5956936206,5925789.196033034
2232933.8707220587,703164.7209475902,5925788.242293248
2232936.351094226,703165.8875633336,5925788.459464235
2232937.473754433,703166.1554225482,5925788.649766871
2232940.2316787927,703166.2956836409,5925788.454056216
2232942.9478376736,703165.7802373138,5925788.566931544
2232944.821935054,703165.7278466846,5925788.5120795285
2232946.384032469,703166.1769221782,5925788.085206046
2232949.215355602,703166.3831280761,5925787.2088833
2232950.674324502,703166.3713570083,5925787.0905960975
2232953.042603392,703167.159975928,5925786.749728461
2232958.780728592,703171.065960523,5925785.414243453
2232964.249589922,703173.5163695842,5925784.137896501
2232966.180768688,703175.8380037892,5925784.209902315
2232968.6238578986,703176.77869846,5925784.467917258
2232971.842464667,703176.9783471155,5925784.521633976
2232972.982585938,703177.6800785447,5925785.083949827
2232973.5336498753,703177.8964496688,5925785.065662707
2232975.336689618,703179.4923399488,5925785.487112386
2232976.7106843516,703180.4390715482,5925785.28709946
2232978.0433842232,703181.0729364298,5925785.354815301
2232980.73193161,703181.2341769097,5925785.61282472
2232981.497285045,703181.6037050955,5925785.925697277
2232983.2576116673,703182.8006101269,5925785.335374379
2232984.08833924,703183.0622123308,5925785.421376854
2232987.234244803,703184.1813944565,5925785.393365541
2232989.269759154,703184.9937443264,5925785.175060425
2232989.903655081,703185.5360657247,5925785.301921752
2232992.0443985686,703187.8808805291,5925785.292196157
2232994.86108354,703188.7678781974,5925785.200749575
2232997.3282567547,703189.2877835924,5925785.499610998
2232999.4921502382,703190.526106278,5925785.612461551
2233004.6518589016,703192.2366187297,5925784.540370381
2233005.750907365,703193.2681294698,5925784.648938993
2233007.577315419,703194.4001785007,5925784.471486562
2233009.0912482254,703195.6908567573,5925783.962874119
2233009.239866257,703198.607823314,5925784.420891907
2233009.1699671485,703200.6420504187,5925785.496089995
2233009.5418109675,703204.5717618521,5925785.749806582
2233009.1169667514,703206.0658309918,5925786.162686168
2233008.726106706,703207.7419558946,5925787.401324945
2233008.620303297,703210.5788103198,5925788.3948025
2233008.609415146,703211.6463422609,5925788.272221849
2233011.0720143216,703215.0350042643,5925788.017322993
2233012.3237262624,703216.7143470346,5925787.776437884
2233013.2466788553,703218.5043520301,5925787.431263347
2233014.7386056613,703221.287474143,5925787.398955073
2233016.153876828,703222.5471062824,5925786.931198462
2233018.4345265175,703225.2359112209,5925786.612865551
2233022.108776872,703228.0208863938,5925786.403093951
2233026.0802233545,703228.9288714421,5925786.089030974
2233031.6826861585,703229.9221078549,5925784.935184889
2233032.66516292,703230.1458329742,5925784.75344789
2233036.666999318,703232.4342360046,5925784.049064362
2233041.832530031,703235.603187147,5925782.58661577
2233042.8746592607,703237.2593940886,5925782.427442408
2233044.492653879,703238.7542420869,5925782.930583621
2233047.0576748117,703241.618317407,5925783.129401324
2233050.1299292133,703242.97140102,5925783.101347006
2233053.8617308815,703246.1172558868,5925782.396948025
2233056.4298384357,703248.3825649365,5925782.450611772
2233057.9834638136,703248.3149274939,5925782.5183042735
2233059.6830083113,703246.7510161999,5925782.70858019
2233063.8009261624,703244.1494410109,5925781.895621062
2233067.965303214,703242.3336010269,5925781.18694649
2233068.023124826,703242.3946500369,5925781.372955444
2233068.696926655,703242.2212876148,5925781.354657521
2233069.57892724,703241.0424981748,5925781.377220928
2233069.3400878673,703240.9672825832,5925781.046064429
2233069.2414395986,703240.9362161481,5925781.086925812
2233068.797751037,703240.9678480175,5925781.250371327
2233068.8432988254,703241.0678714024,5925781.436380277
2233068.5768212616,703241.6693872357,5925781.250371327
2233068.7587532285,703242.3692773177,5925781.31379614
2233068.590466524,703242.6589978989,5925781.127787193
2233068.5413709194,703242.8148954945,5925781.127787193
2233068.516823113,703242.8928442909,5925781.127787193
2233068.4431796772,703243.1266906755,5925781.127787193
2233067.8977517975,703243.7260381836,5925781.477241653
2233067.8977517975,703243.7260381836,5925781.477241653
2233067.8977517975,703243.7260381836,5925781.477241653
2233067.967847298,703243.7481128463,5925781.663250604
2233067.9586644373,703243.1883045872,5925781.518103026
2233068.04503877,703243.2583455213,5925781.477241653
2233067.872747057,703243.4611253,5925781.518103026
2233067.6053550835,703243.3769175339,5925781.413816812
2233066.6228776313,703243.1531926064,5925781.595560083
2233065.6281262957,703242.9684419602,5925781.777303184
2233065.444733527,703243.5961222817,5925782.417052791
2233062.8285448966,703245.1712445448,5925782.140788882
2233061.2222749996,703245.650703103,5925782.2591062905
2233059.936497611,703246.1454123231,5925782.254839622
2233054.3660397856,703247.2613852306,5925783.576428169
2233050.5199668217,703245.0220089373,5925783.7862262
2233048.697930283,703241.3209257523,5925783.836846061
2233046.447563899,703237.0137268445,5925783.905760314
2233045.4518972435,703236.1432580528,5925784.169221792
2233044.291951174,703235.6494472055,5925784.019803625
2233043.3288435955,703234.8749114064,5925783.8295242805
2233038.380893225,703231.9030005889,5925784.756512151
2233034.52679842,703229.4897697452,5925785.420036029
2233033.276471109,703228.8389813093,5925785.538346091
2233027.7936550644,703228.054784091,5925786.837342104
2233022.2683807206,703226.571790306,5925787.80517462
2233021.0303270947,703225.8820291463,5925787.923481759
2233017.5821768707,703222.8683911267,5925788.505271236
2233015.4782812097,703220.4066080096,5925788.515012631
2233012.656070856,703215.4053363048,5925789.096797242
2233012.198726197,703214.4473782773,5925789.382819343
2233011.518891566,703211.1060763923,5925788.530214823
2233011.34975014,703208.3539881017,5925787.8453280255
2233011.4703848837,703206.892632415,5925787.328159255
2233011.5537363472,703205.2053440643,5925786.851850711
2233011.092187415,703202.104147352,5925786.103534631
2233010.1338464306,703199.1035388915,5925785.745528882
2233010.0597952064,703196.6384357462,5925785.205790912
2233009.8476574416,703195.2008064092,5925784.811202409
2233009.225106671,703193.9338030196,5925784.766064129
2233006.8431604207,703192.1555906945,5925785.22953771
2233004.7413421334,703190.765462317,5925785.756439634
2233001.50883918,703188.9335981621,5925786.546790667
2232997.9187791557,703187.5031952761,5925786.779109868
2232994.1396852145,703185.8847514457,5925787.320016048
2232991.7364888303,703184.2283722564,5925786.916862549
2232988.7864810876,703182.1427740104,5925786.985735943
2232985.122783985,703180.9462151345,5925787.218046056
2232982.576566103,703179.5446677342,5925787.268627278
2232980.396854149,703178.6012376328,5925787.341778944
2232979.1838038303,703178.1764033774,5925787.419213986
2232976.7647903534,703176.8149161119,5925787.202062997
2232973.4732864285,703174.5361161593,5925787.207495133
2232971.2945088577,703174.2783825637,5925787.198924008
2232970.0123003065,703174.5171697082,5925787.008627958
2232966.3412778517,703174.1322169991,5925786.932336946
2232964.040514128,703171.9512245812,5925786.982908741
2232962.8182674586,703170.9666109348,5925786.9151889905
2232961.304552785,703170.3185857815,5925786.702317805
2232956.408450185,703169.2479880158,5925787.384059385
2232952.819099153,703167.860660768,5925788.25609656
2232950.7462983476,703166.8223922302,5925788.515246138
2232947.445363663,703163.3412055456,5925789.09697631
2232945.122183997,703159.9537408198,5925789.084104188
2232944.2695160913,703158.8284965776,5925788.893802573
2232943.2813815824,703157.7891049664,5925788.744359595
2232940.120384042,703154.6518639408,5925789.017495969
2232937.4167521964,703152.472551151,5925789.004618709
2232932.88574719,703150.8315538012,5925789.831488836
2232929.610504862,703150.9567657013,5925790.190628649
2232928.0901766485,703151.1633974288,5925790.308910118
2232918.7499060803,703151.2206815048,5925792.3163719615
2232904.1285916935,703152.399271285,5925797.255927607
2232900.5784069486,703152.6092193672,5925797.923638799
2232895.2364936867,703152.8546415797,5925798.832196567
2232891.3493011026,703153.3011418103,5925799.168738819
2232888.386296711,703153.5674760106,5925799.178415687
2232887.3679442317,703154.1463428397,5925799.278409875
2232885.6345043406,703154.5856937577,5925799.664409111
2232884.5186959896,703153.1634200205,5925799.823538915
2232884.134260577,703151.9286266505,5925799.469794516
2232882.7321923277,703148.9597936404,5925799.275179105
2232878.6618820056,703145.022215092,5925799.770841368
2232875.3847619537,703143.776055072,5925800.293384121
2232865.3220739267,703145.9188573257,5925804.260872833
2232859.603257057,703146.1740567747,5925806.385459847
2232850.954240975,703143.1933979862,5925809.568023209
2232849.4294310864,703142.97023384,5925809.954012704
2232838.9285004768,703143.9040681116,5925813.154833087
2232837.2809855277,703141.7146843435,5925812.96020064
2232834.944105806,703137.3378112848,5925813.069838977
2232834.8598537045,703135.9833983058,5925813.047254902
2232834.317751107,703133.3282649334,5925813.351526103
2232831.763499902,703131.7528893416,5925813.855769487
2232828.935248541,703130.9479259332,5925814.586880157
2232826.090486709,703130.3947711057,5925814.864251996
2232820.1071328702,703130.2667942772,5925816.058740822
2232813.0096033798,703129.4452707611,5925817.970371238
2232811.4392494005,703129.1220923167,5925818.170338312
2232803.0868928144,703127.2200550478,5925820.467935523
2232800.9470707155,703125.5610209374,5925820.395857447
2232799.35619119,703125.4027147706,5925820.368952603
2232794.677710732,703124.5291034792,5925820.515104138
2232793.2756200247,703123.9162377806,5925820.901078466
2232791.9721785192,703123.3344376963,5925821.246196255
2232788.240743641,703122.8875580908,5925822.490148025
2232788.0991437742,703121.814951425,5925822.240691513
2232788.117076411,703120.2357414751,5925821.991234971
2232787.656148774,703117.1778841997,5925821.882614433
2232784.0882640174,703116.3113407131,5925822.899694068
2232780.50434913,703116.0394216012,5925823.422178717
2232779.3894762006,703115.3028374035,5925823.499568747
2232776.2225370156,703113.0633722029,5925824.743511547
2232767.5123338364,703107.6219714073,5925828.025913985
2232766.1638225187,703107.2829866341,5925828.144156429
2232757.38195527,703106.7448731486,5925830.441682172
2232755.799330795,703106.4606631162,5925830.641633226
2232754.31064701,703106.0775353757,5925830.387847365
2232750.3606999894,703105.6903404405,5925830.846866758
2232746.020175866,703105.2658138575,5925831.242436609
2232742.038391422,703105.7680817776,5925831.392872094
2232739.2982163667,703106.7041695566,5925831.239056245
2232733.7659245036,703109.0311402648,5925831.757184136
2232733.150438426,703109.6083115208,5925831.920604546
2232731.1753363735,703110.2713211073,5925832.80115401
2232725.3718474573,703114.4831786236,5925834.703078432
2232724.0124966013,703115.2115894349,5925834.698747095
2232720.7569082677,703117.7843205882,5925834.544925645
2232718.226776799,703119.0863529562,5925834.268538607
2232716.020681547,703120.1477635797,5925833.683573129
2232713.034593823,703121.5203644093,5925833.570604163
2232712.72166824,703121.3361529242,5925833.280287413
2232712.5652054544,703121.2440471932,5925833.135129033
2232712.2232409515,703120.7080286309,5925833.112535081
2232712.083756032,703120.7069351297,5925833.380257903
2232712.120096231,703120.2472187891,5925833.421112709
2232712.120096231,703120.2472187891,5925833.421112709
2232711.6931794607,703120.6696011655,5925833.316809102
2232711.821763969,703120.7957602615,5925834.328584771
2232712.635712145,703120.6665919902,5925834.682350361
2232714.4538302645,703116.2705456712,5925834.518931085
2232716.7925276486,703108.3548197257,5925834.14690468
2232715.7528515738,703102.4591674216,5925835.023116152
2232714.7476602974,703098.0306948103,5925835.282171438
2232710.5897782366,703095.9931954197,5925835.800279385
2232708.431073366,703095.227739461,5925836.059332045
2232706.687008636,703094.0788678688,5925836.422688043
2232705.810269305,703093.3744530717,5925836.191484483
2232703.6413972112,703091.3636591766,5925836.387085245
2232701.848224596,703088.0148810765,5925836.16980349
2232702.1795467697,703086.96274504,5925836.16980349
2232702.980685899,703081.8181653848,5925835.403154158
2232703.3533219825,703081.0788649407,5925835.135431819
2232706.199658688,703077.6491243034,5925834.254892442
2232708.6279776585,703072.2031280029,5925833.556029722
2232710.036836353,703069.3058613439,5925832.938875936
2232711.002974799,703067.1258268921,5925832.403431135
2232711.3026195886,703064.3075963531,5925832.1948223645
2232709.4022273626,703060.4111060057,5925832.512984988
2232705.4366256315,703057.6632536171,5925833.257948346
2232704.709263554,703057.5627101266,5925833.543928858
2232703.886790263,703057.1752252302,5925833.684750122
2232700.4067290067,703057.4071756746,5925834.538352341
2232697.3575952942,703057.3036675706,5925835.2693901025
2232695.607405732,703057.3521932862,5925835.923057532
2232687.4094077325,703056.8266320021,5925838.429076386
2232680.3262932347,703057.0376105097,5925840.857718802
2232677.50399526,703057.6908216913,5925841.198463735
2232672.7639398254,703058.7252609682,5925842.646604454
2232670.304571816,703057.7366597778,5925842.61531882
2232668.973669396,703055.1759951713,5925843.205526424
2232668.926185909,703053.7047763393,5925843.182927484
2232669.664306945,703050.3822036018,5925842.438871855
2232671.1032991866,703045.866896101,5925841.572255039
2232671.217271881,703045.2603153514,5925841.386241135
2232672.480313529,703043.8591188329,5925840.646529703
2232674.95682508,703040.8697874049,5925839.207960312
2232676.3773024273,703040.2462942053,5925838.53170109
2232678.839586804,703035.9247043987,5925837.256546315
2232679.5730478205,703034.8278887209,5925836.680249586
2232681.692243886,703031.9401880396,5925835.364240746
2232687.4856610927,703027.1255660147,5925832.677455378
2232689.582947449,703025.7300514278,5925831.837778909
2232693.7645628015,703022.9349339519,5925829.518675642
2232698.7456848538,703018.9781118182,5925827.036154536
2232703.679288392,703013.5500405189,5925824.531034147
2232704.46338379,703010.67023253,5925823.932139238
2232704.3186960258,703010.196360342,5925823.827833836
2232704.2976900497,703010.0184204524,5925823.641820233
2232704.3993823896,703009.4508001497,5925823.455806631
2232705.727451832,703002.2878074354,5925822.730009035
2232706.251323475,703001.1678152871,5925822.235419575
2232707.7049499634,702998.3274951994,5925821.164532475
2232710.247261041,702995.5729708825,5925819.458236546
2232711.4130987753,702995.169083846,5925818.636814006
2232715.4576537805,702994.086829293,5925816.381155659
2232716.3192949914,702993.7156543918,5925815.455427304
2232721.137250935,702993.1767240784,5925813.058945653
2232722.50863196,702992.7090539515,5925812.382680636
2232727.9924768894,702990.1096986633,5925809.119578185
2232732.1279248055,702989.5271804997,5925806.555334717
2232737.1184420493,702989.4280380405,5925803.396530354
2232741.83655473,702988.4721486736,5925800.441995312
2232748.580841054,702985.4129577038,5925796.5434653545
2232754.312588299,702981.0926426552,5925793.176042584
2232764.9756566016,702971.6859542066,5925788.768983575
2232767.1948976405,702969.8575800678,5925787.28954324
2232769.48422419,702968.0512683573,5925785.996115416
2232773.656498257,702964.6961785668,5925783.53182348
2232777.9613904827,702961.5541582857,5925781.852436463
2232781.9528388944,702957.8851218392,5925779.923587545
2232785.656903109,702951.9839915377,5925777.722685213
2232786.270650216,702950.6780957963,5925777.001226338
2232786.3062620996,702950.1753226694,5925776.402332915
2232785.86258394,702950.2069673088,5925776.565753493
2232785.4970439393,702950.4345404394,5925776.461451007
2232786.368645557,702945.3549420278,5925776.520569018
2232786.845620466,702942.8066907555,5925776.643134382
2232790.1483814265,702928.7268032219,5925776.638804798
2232792.749445603,702917.5099148047,5925777.419381305
2232801.599785892,702909.0741752983,5925775.730387138
2232808.479959007,702905.0294915563,5925773.832782907
2232816.781755142,702900.7470010467,5925771.857789797
2232818.4778146767,702900.081631347,5925771.512682061
2232821.3030686826,702898.8294291539,5925771.026742903
2232823.725474833,702897.5789016287,5925770.47735682
2232828.29733954,702893.8782775879,5925769.623716108
2232838.506617194,702882.3578706132,5925767.358392139
2232844.8703490077,702873.9529032614,5925765.742430517
2232847.017107066,702872.7440620357,5925764.86187062
2232857.5007489896,702869.0625127939,5925761.3482691925
2232870.8102114834,702867.1270759419,5925757.207864053
2232874.0351080396,702866.7715734845,5925756.249904038
2232879.2672767346,702865.2061157651,5925754.679098984
2232886.571132716,702864.2927678898,5925752.250307172
2232893.8627204625,702863.4183726953,5925749.821507802
2232900.154627065,702862.5291145174,5925746.480913369
2232903.39108459,702862.09155215,5925744.883191617
2232908.217018422,702861.7259822617,5925742.032869505
2232909.6291869464,702861.2281695904,5925741.129708805
2232922.989283694,702858.4517572313,5925735.56455559
2232927.8982769977,702858.1122989514,5925733.539979913
2232930.649712326,702857.3935343944,5925732.373399454
2232933.9770869142,702857.4557211612,5925730.467081282
2232938.9892682806,702857.5770607349,5925728.13391484
2232946.323530214,702858.343642135,5925724.634157842
2232949.2482464244,702858.1077390905,5925723.344998093
2232950.385993384,702858.037527583,5925722.709555677
2232960.70053907,702857.5576595316,5925717.589455996
2232966.9060319015,702856.5982256702,5925714.289659399
2232977.58146961,702852.8051787759,5925709.641550327
2232989.2781512793,702847.8343254135,5925704.748279561
2232993.7251016805,702846.1071349801,5925703.277390723
2233002.2278052354,702845.2281546798,5925699.532425205
2233009.832953445,702845.8228548114,5925695.950882607
2233016.8564965916,702847.4766844314,5925692.677916419
2233021.948343987,702848.8223477916,5925689.954385219
2233026.7179525387,702849.4240634338,5925686.79539452
2233027.5853033382,702849.8684027917,5925686.200797977
2233035.9326449586,702846.627365477,5925683.009527296
2233035.845936173,702838.5899644331,5925683.350389099
2233035.124550395,702837.292042648,5925683.346097123
2233030.789217013,702831.7297227075,5925684.994433477
2233025.2679021996,702827.3790212899,5925686.515894442
2233019.8998785713,702824.0189372808,5925687.647045881
2233010.8368866215,702819.4530707715,5925690.7436831575
2233007.2889226624,702818.0793774581,5925692.0285666585
2233004.243546747,702812.751805021,5925692.732837527
2233005.022957525,702812.097601817,5925692.3016785495
2233006.7217744403,702811.1330939643,5925691.130775598
2233010.515772127,702810.0570020712,5925689.183567899
2233017.15612805,702808.8487342739,5925685.534296565
2233023.4767087647,702807.668308339,5925682.647342172
2233026.2489470867,702807.4271338176,5925680.986135002
2233034.400804673,702805.795021975,5925677.032557553
2233037.3780655684,702805.147185165,5925675.557356353
2233042.642543863,702803.9769999173,5925672.852102351
2233051.5518739875,702803.482759557,5925668.263050292
2233053.9853939596,702804.4628294085,5925667.014710983
2233065.518687645,702808.1783488754,5925661.367597616
2233068.0110765793,702809.9051423226,5925660.2235434465
2233075.9821262904,702816.5260306875,5925655.144143727
2233079.435766308,702818.598205829,5925652.951742502
2233084.0564145157,702820.6521600935,5925650.53675413
2233093.682710883,702823.6818534323,5925646.119643155
2233101.472332875,702824.0345416736,5925642.497139788
2233107.2398587326,702823.9221468857,5925639.691823794
2233115.0560823455,702825.5682586352,5925635.905864048
2233123.724398601,702828.2964272003,5925631.67043236
2233128.7140627,702829.8668180748,5925629.173685299
2233129.82777753,702830.2173361802,5925628.497353552
2233137.152070725,702833.0365375562,5925624.112475313
2233139.1581787528,702834.0962813323,5925622.800668471
2233142.638786576,702835.1488938334,5925620.503936153
2233148.6683354485,702837.6034436413,5925616.650227702
2233149.8148300564,702837.7500964826,5925616.200761096
2233151.9646342783,702838.5980492947,5925615.074957884
2233164.6045125187,702843.1759064345,5925609.123310686
2233165.8168726685,702843.5574721535,5925608.406110521
2233171.6818839856,702845.7460611052,5925604.860966636
2233177.412686939,702848.4064576582,5925601.955563455
2233189.7382042394,702857.0834550075,5925595.636102278
2233191.9228344793,702859.098989437,5925594.573705878
2233193.6918285214,702860.8123622866,5925593.488746026
2233198.351543458,702864.7635110979,5925590.188738067
2233201.4979088143,702867.4672882555,5925588.037111917
2233202.7147864234,702868.2786598018,5925587.052171398
2233209.769103542,702871.9553913873,5925582.667186395
2233215.4114363613,702873.174344129,5925579.966045988
2233225.7643673127,702873.3055986558,5925575.403549304
2233228.8672769535,702871.6690625985,5925573.783112232
2233233.276149256,702869.6724616499,5925571.713190408
2233234.503245238,702869.0733885595,5925570.891691336
2233239.1492057214,702866.4231423399,5925568.594896968
2233240.37228753,702865.7371252059,5925568.000266898
2233257.8090632046,702855.4175690699,5925562.007547725
2233273.192796957,702848.2215025402,5925557.063171884
2233274.44040549,702847.4575029105,5925556.468537439
2233283.461404478,702844.0420985777,5925553.2586829495
2233284.686021655,702844.3846631662,5925552.541458458
2233285.0065065725,702844.399846534,5925552.418869777
2233285.7588014132,702842.1091175328,5925552.191999836
2233285.7588014132,702842.1091175328,5925552.191999836
2233285.8036265606,702842.1660632861,5925551.738259955
2233285.8321725777,702842.1750470643,5925551.5113900155
2233286.3744919975,702842.1743665885,5925551.307075502
2233286.3744919975,702842.1743665885,5925551.307075502
2233286.304387639,702842.1523039007,5925551.121068469
2233286.2921207286,702842.1912820997,5925551.121068469
2233286.2921207286,702842.1912820997,5925551.121068469
2233286.279853818,702842.2302602986,5925551.121068469
2233285.8234027764,702841.9580934254,5925551.325382976
2233285.753298433,702841.9360307439,5925551.139375935
